3.0
3.3
3.0
3.3
3.0
3.0
3.0
3.2
3.0
3.2
3.0
3.3
3.0
3.0
3.0
3.0
3.4
3.0
3.4
3.3
3.0
3.2
3.1
3.3;1.1
3.0
9.0;3.4;8.0;5.1
3.0
1.3;3.1
3.1
3.3
3.3
3.0
3.4
3.0
3.2
3.1
3.0
3.0
3.0
3.2
3.3
3.0
3.4
3.2
3.3;4.4;0.0
3.4
3.0
3.4
3.3
3.0
3.0
3.0
3.0
3.0;3.1
3.0
3.1
3.2
3.0
3.1
3.2
3.0;3.3
3.2
3.0
3.4
3.0
3.4
3.2
3.0
3.3;3.3
7.2;3.1
3.0
3.0
4.4;3.2
3.2
3.2
3.2
3.0
3.3
3.2
3.3
3.1
3.0;3.1
3.0
3.3
3.0
3.2
3.1
3.3
3.2
3.2
3.0
3.4;5.1
3.2
3.2
3.4
3.4
3.0
3.3
3.3
3.4;5.1
3.4
3.0
3.0
3.3
3.0
3.3
3.0
3.0
3.0
3.3
3.3
3.3
3.3
3.3
3.3
