5.1;4.4;7.2
7.2
7.2
7.2
7.2
7.2
7.2
7.2
7.2
7.0
7.0
1.0;7.2
4.4;7.0
7.3
7.0
7.0;2.1
7.2
7.0;1.1;1.1
0.4;1.1;1.1;7.0
7.2;1.0
7.2
7.0;4.4
7.2
5.1;7.3
7.2;4.4;4.3
7.2
7.2
7.2;7.0
7.2
7.2;5.1
7.2
5.1;7.2
5.1;7.3
7.0
4.4;5.1;7.2
7.2
5.1;7.2
7.2
1.1;1.1;1.0;7.0
7.2;1.0;4.4;5.1;7.2
7.2
7.2
7.2;5.1
7.0
1.3;1.4;7.0
7.0;4.4
7.2
7.1;1.1;5.2
7.2;5.1
7.2;3.1
7.2
7.0
7.2
7.0
5.1;7.3
5.1;7.2
7.1
7.2;1.0
7.2;7.0
7.0
7.2;4.4;1.4
7.2
5.1;7.1;8.0
7.2
7.0
5.1;7.2
7.1
4.4;7.0
7.0
7.2;1.0
7.2
4.4;5.1;7.2
7.2
7.2
7.2
4.4;7.2
7.2
7.0
7.2
7.2
4.4;5.1;7.2
7.1;5.1
5.1;7.2
8.0;4.4;7.2
5.1;7.2
7.2;4.4
7.1;5.2
7.3
7.3
7.1
